 % Simple dark flight model for the fireball: IT20000000
 % Hypothesis: no Earth rotation; no winds; exponential atmosphere COESA 1976 model. 
 % Input data from atmospheric dynamical model. 
    
 INPUT DATA 
    
 % Drag coefficient (adimensional):                          0.58 
 % M/S for dark flight (kg/m^2):                           224.99 
 % Drag*S/M for dark flight (m^2/kg):                    0.002578 
 % Start height dark flight (km):                           23.25 
 % Start velocity dark flight (km/s):                        3.04 
 % Start acceleration dark flight (km/s^2):                 -1.24 
    
 RESULTS 
    
 % Horizontal length dark flight (km):                      10.16 
 % Flight time (s):                                        213.00 
 % Geographical Latitude strewn field (degree):           45.3293  
 % Geographical Longitude strewn field (degree):          12.0667 
    
% quota (km)     Vx (km/s)       Vy (km/s)      V (km/s)        Lx (km)     tempo di caduta (s)
    
    23.248 	      2.625 	     -1.541 	      3.044 		       0.00 	       0.00 
    22.580 	      1.971 	     -1.161 	      2.288 		       1.14 	       0.50 
    22.064 	      1.556 	     -0.921 	      1.808 		       2.01 	       1.00 
    21.646 	      1.272 	     -0.757 	      1.480 		       2.71 	       1.50 
    21.298 	      1.068 	     -0.640 	      1.245 		       3.30 	       2.00 
    21.001 	      0.915 	     -0.553 	      1.069 		       3.79 	       2.50 
    20.742 	      0.797 	     -0.487 	      0.934 		       4.22 	       3.00 
    20.512 	      0.703 	     -0.434 	      0.826 		       4.59 	       3.50 
    20.306 	      0.627 	     -0.392 	      0.740 		       4.92 	       4.00 
    20.119 	      0.565 	     -0.357 	      0.668 		       5.22 	       4.50 
    19.948 	      0.512 	     -0.329 	      0.609 		       5.49 	       5.00 
    19.789 	      0.468 	     -0.305 	      0.558 		       5.73 	       5.50 
    19.642 	      0.430 	     -0.285 	      0.515 		       5.96 	       6.00 
    19.504 	      0.397 	     -0.268 	      0.478 		       6.16 	       6.50 
    19.374 	      0.368 	     -0.253 	      0.446 		       6.36 	       7.00 
    19.251 	      0.342 	     -0.240 	      0.418 		       6.53 	       7.50 
    19.134 	      0.319 	     -0.229 	      0.393 		       6.70 	       8.00 
    19.022 	      0.299 	     -0.219 	      0.371 		       6.85 	       8.50 
    18.915 	      0.281 	     -0.211 	      0.351 		       7.00 	       9.00 
    18.811 	      0.265 	     -0.203 	      0.334 		       7.13 	       9.50 
    18.712 	      0.250 	     -0.196 	      0.318 		       7.26 	      10.00 
    18.615 	      0.236 	     -0.190 	      0.303 		       7.38 	      10.50 
    18.521 	      0.224 	     -0.185 	      0.291 		       7.50 	      11.00 
    18.429 	      0.212 	     -0.181 	      0.279 		       7.61 	      11.50 
    18.340 	      0.202 	     -0.176 	      0.268 		       7.71 	      12.00 
    18.253 	      0.192 	     -0.173 	      0.258 		       7.81 	      12.50 
    18.168 	      0.183 	     -0.169 	      0.249 		       7.90 	      13.00 
    18.084 	      0.175 	     -0.166 	      0.241 		       7.99 	      13.50 
    18.001 	      0.167 	     -0.164 	      0.234 		       8.08 	      14.00 
    17.920 	      0.159 	     -0.161 	      0.227 		       8.16 	      14.50 
    17.840 	      0.153 	     -0.159 	      0.220 		       8.24 	      15.00 
    17.761 	      0.146 	     -0.157 	      0.215 		       8.31 	      15.50 
    17.683 	      0.140 	     -0.155 	      0.209 		       8.38 	      16.00 
    17.606 	      0.134 	     -0.154 	      0.204 		       8.45 	      16.50 
    17.529 	      0.129 	     -0.152 	      0.200 		       8.52 	      17.00 
    17.453 	      0.124 	     -0.151 	      0.195 		       8.58 	      17.50 
    17.378 	      0.119 	     -0.150 	      0.191 		       8.64 	      18.00 
    17.303 	      0.114 	     -0.149 	      0.188 		       8.70 	      18.50 
    17.229 	      0.110 	     -0.148 	      0.184 		       8.76 	      19.00 
    17.155 	      0.106 	     -0.147 	      0.181 		       8.81 	      19.50 
    17.082 	      0.101 	     -0.146 	      0.178 		       8.86 	      20.00 
    17.009 	      0.098 	     -0.146 	      0.175 		       8.91 	      20.50 
    16.937 	      0.094 	     -0.145 	      0.173 		       8.96 	      21.00 
    16.864 	      0.090 	     -0.144 	      0.170 		       9.01 	      21.50 
    16.792 	      0.087 	     -0.144 	      0.168 		       9.05 	      22.00 
    16.721 	      0.084 	     -0.143 	      0.166 		       9.09 	      22.50 
    16.649 	      0.081 	     -0.143 	      0.164 		       9.13 	      23.00 
    16.578 	      0.078 	     -0.142 	      0.162 		       9.17 	      23.50 
    16.507 	      0.075 	     -0.142 	      0.161 		       9.21 	      24.00 
    16.436 	      0.072 	     -0.142 	      0.159 		       9.25 	      24.50 
    16.365 	      0.070 	     -0.141 	      0.157 		       9.28 	      25.00 
    16.295 	      0.067 	     -0.141 	      0.156 		       9.32 	      25.50 
    16.224 	      0.065 	     -0.140 	      0.155 		       9.35 	      26.00 
    16.154 	      0.062 	     -0.140 	      0.153 		       9.38 	      26.50 
    16.084 	      0.060 	     -0.140 	      0.152 		       9.41 	      27.00 
    16.014 	      0.058 	     -0.140 	      0.151 		       9.44 	      27.50 
    15.945 	      0.056 	     -0.139 	      0.150 		       9.47 	      28.00 
    15.875 	      0.054 	     -0.139 	      0.149 		       9.50 	      28.50 
    15.806 	      0.052 	     -0.139 	      0.148 		       9.53 	      29.00 
    15.736 	      0.050 	     -0.138 	      0.147 		       9.55 	      29.50 
    15.667 	      0.048 	     -0.138 	      0.146 		       9.57 	      30.00 
    15.598 	      0.046 	     -0.138 	      0.145 		       9.60 	      30.50 
    15.530 	      0.044 	     -0.138 	      0.145 		       9.62 	      31.00 
    15.461 	      0.043 	     -0.137 	      0.144 		       9.64 	      31.50 
    15.392 	      0.041 	     -0.137 	      0.143 		       9.66 	      32.00 
    15.324 	      0.040 	     -0.137 	      0.142 		       9.68 	      32.50 
    15.256 	      0.038 	     -0.136 	      0.142 		       9.70 	      33.00 
    15.188 	      0.037 	     -0.136 	      0.141 		       9.72 	      33.50 
    15.120 	      0.035 	     -0.136 	      0.140 		       9.74 	      34.00 
    15.052 	      0.034 	     -0.135 	      0.140 		       9.76 	      34.50 
    14.984 	      0.033 	     -0.135 	      0.139 		       9.77 	      35.00 
    14.917 	      0.031 	     -0.135 	      0.138 		       9.79 	      35.50 
    14.849 	      0.030 	     -0.134 	      0.138 		       9.81 	      36.00 
    14.782 	      0.029 	     -0.134 	      0.137 		       9.82 	      36.50 
    14.715 	      0.028 	     -0.134 	      0.137 		       9.84 	      37.00 
    14.649 	      0.027 	     -0.133 	      0.136 		       9.85 	      37.50 
    14.582 	      0.026 	     -0.133 	      0.135 		       9.86 	      38.00 
    14.516 	      0.025 	     -0.133 	      0.135 		       9.87 	      38.50 
    14.449 	      0.024 	     -0.132 	      0.134 		       9.89 	      39.00 
    14.383 	      0.023 	     -0.132 	      0.134 		       9.90 	      39.50 
    14.318 	      0.022 	     -0.131 	      0.133 		       9.91 	      40.00 
    14.252 	      0.021 	     -0.131 	      0.133 		       9.92 	      40.50 
    14.187 	      0.020 	     -0.131 	      0.132 		       9.93 	      41.00 
    14.121 	      0.020 	     -0.130 	      0.132 		       9.94 	      41.50 
    14.056 	      0.019 	     -0.130 	      0.131 		       9.95 	      42.00 
    13.991 	      0.018 	     -0.129 	      0.131 		       9.96 	      42.50 
    13.927 	      0.017 	     -0.129 	      0.130 		       9.97 	      43.00 
    13.862 	      0.017 	     -0.129 	      0.130 		       9.98 	      43.50 
    13.798 	      0.016 	     -0.128 	      0.129 		       9.99 	      44.00 
    13.734 	      0.015 	     -0.128 	      0.129 		       9.99 	      44.50 
    13.670 	      0.015 	     -0.127 	      0.128 		      10.00 	      45.00 
    13.607 	      0.014 	     -0.127 	      0.128 		      10.01 	      45.50 
    13.543 	      0.013 	     -0.127 	      0.127 		      10.01 	      46.00 
    13.480 	      0.013 	     -0.126 	      0.127 		      10.02 	      46.50 
    13.417 	      0.012 	     -0.126 	      0.126 		      10.03 	      47.00 
    13.354 	      0.012 	     -0.125 	      0.126 		      10.03 	      47.50 
    13.292 	      0.011 	     -0.125 	      0.125 		      10.04 	      48.00 
    13.229 	      0.011 	     -0.124 	      0.125 		      10.04 	      48.50 
    13.167 	      0.010 	     -0.124 	      0.124 		      10.05 	      49.00 
    13.106 	      0.010 	     -0.124 	      0.124 		      10.06 	      49.50 
    13.044 	      0.010 	     -0.123 	      0.123 		      10.06 	      50.00 
    12.982 	      0.009 	     -0.123 	      0.123 		      10.06 	      50.50 
    12.921 	      0.009 	     -0.122 	      0.123 		      10.07 	      51.00 
    12.860 	      0.008 	     -0.122 	      0.122 		      10.07 	      51.50 
    12.799 	      0.008 	     -0.121 	      0.122 		      10.08 	      52.00 
    12.739 	      0.008 	     -0.121 	      0.121 		      10.08 	      52.50 
    12.678 	      0.007 	     -0.121 	      0.121 		      10.09 	      53.00 
    12.618 	      0.007 	     -0.120 	      0.120 		      10.09 	      53.50 
    12.558 	      0.007 	     -0.120 	      0.120 		      10.09 	      54.00 
    12.499 	      0.006 	     -0.119 	      0.119 		      10.10 	      54.50 
    12.439 	      0.006 	     -0.119 	      0.119 		      10.10 	      55.00 
    12.380 	      0.006 	     -0.118 	      0.118 		      10.10 	      55.50 
    12.321 	      0.006 	     -0.118 	      0.118 		      10.10 	      56.00 
    12.262 	      0.005 	     -0.118 	      0.118 		      10.11 	      56.50 
    12.203 	      0.005 	     -0.117 	      0.117 		      10.11 	      57.00 
    12.145 	      0.005 	     -0.117 	      0.117 		      10.11 	      57.50 
    12.087 	      0.005 	     -0.116 	      0.116 		      10.11 	      58.00 
    12.029 	      0.004 	     -0.116 	      0.116 		      10.12 	      58.50 
    11.971 	      0.004 	     -0.115 	      0.115 		      10.12 	      59.00 
    11.913 	      0.004 	     -0.115 	      0.115 		      10.12 	      59.50 
    11.856 	      0.004 	     -0.115 	      0.115 		      10.12 	      60.00 
    11.799 	      0.004 	     -0.114 	      0.114 		      10.13 	      60.50 
    11.742 	      0.004 	     -0.114 	      0.114 		      10.13 	      61.00 
    11.685 	      0.003 	     -0.113 	      0.113 		      10.13 	      61.50 
    11.628 	      0.003 	     -0.113 	      0.113 		      10.13 	      62.00 
    11.572 	      0.003 	     -0.113 	      0.113 		      10.13 	      62.50 
    11.516 	      0.003 	     -0.112 	      0.112 		      10.13 	      63.00 
    11.460 	      0.003 	     -0.112 	      0.112 		      10.14 	      63.50 
    11.404 	      0.003 	     -0.111 	      0.111 		      10.14 	      64.00 
    11.348 	      0.003 	     -0.111 	      0.111 		      10.14 	      64.50 
    11.293 	      0.002 	     -0.111 	      0.111 		      10.14 	      65.00 
    11.238 	      0.002 	     -0.110 	      0.110 		      10.14 	      65.50 
    11.183 	      0.002 	     -0.110 	      0.110 		      10.14 	      66.00 
    11.128 	      0.002 	     -0.109 	      0.109 		      10.14 	      66.50 
    11.073 	      0.002 	     -0.109 	      0.109 		      10.14 	      67.00 
    11.019 	      0.002 	     -0.109 	      0.109 		      10.14 	      67.50 
    10.965 	      0.002 	     -0.108 	      0.108 		      10.15 	      68.00 
    10.911 	      0.002 	     -0.108 	      0.108 		      10.15 	      68.50 
    10.857 	      0.002 	     -0.108 	      0.108 		      10.15 	      69.00 
    10.803 	      0.002 	     -0.107 	      0.107 		      10.15 	      69.50 
    10.749 	      0.001 	     -0.107 	      0.107 		      10.15 	      70.00 
    10.696 	      0.001 	     -0.106 	      0.106 		      10.15 	      70.50 
    10.643 	      0.001 	     -0.106 	      0.106 		      10.15 	      71.00 
    10.590 	      0.001 	     -0.106 	      0.106 		      10.15 	      71.50 
    10.537 	      0.001 	     -0.105 	      0.105 		      10.15 	      72.00 
    10.485 	      0.001 	     -0.105 	      0.105 		      10.15 	      72.50 
    10.432 	      0.001 	     -0.105 	      0.105 		      10.15 	      73.00 
    10.380 	      0.001 	     -0.104 	      0.104 		      10.15 	      73.50 
    10.328 	      0.001 	     -0.104 	      0.104 		      10.15 	      74.00 
    10.276 	      0.001 	     -0.104 	      0.104 		      10.15 	      74.50 
    10.224 	      0.001 	     -0.103 	      0.103 		      10.15 	      75.00 
    10.173 	      0.001 	     -0.103 	      0.103 		      10.15 	      75.50 
    10.121 	      0.001 	     -0.103 	      0.103 		      10.16 	      76.00 
    10.070 	      0.001 	     -0.102 	      0.102 		      10.16 	      76.50 
    10.019 	      0.001 	     -0.102 	      0.102 		      10.16 	      77.00 
     9.968 	      0.001 	     -0.102 	      0.102 		      10.16 	      77.50 
     9.917 	      0.001 	     -0.101 	      0.101 		      10.16 	      78.00 
     9.867 	      0.001 	     -0.101 	      0.101 		      10.16 	      78.50 
     9.816 	      0.001 	     -0.101 	      0.101 		      10.16 	      79.00 
     9.766 	      0.001 	     -0.100 	      0.100 		      10.16 	      79.50 
     9.716 	      0.001 	     -0.100 	      0.100 		      10.16 	      80.00 
     9.666 	      0.001 	     -0.100 	      0.100 		      10.16 	      80.50 
     9.616 	      0.000 	     -0.099 	      0.099 		      10.16 	      81.00 
     9.566 	      0.000 	     -0.099 	      0.099 		      10.16 	      81.50 
     9.517 	      0.000 	     -0.099 	      0.099 		      10.16 	      82.00 
     9.468 	      0.000 	     -0.098 	      0.098 		      10.16 	      82.50 
     9.418 	      0.000 	     -0.098 	      0.098 		      10.16 	      83.00 
     9.369 	      0.000 	     -0.098 	      0.098 		      10.16 	      83.50 
     9.321 	      0.000 	     -0.098 	      0.098 		      10.16 	      84.00 
     9.272 	      0.000 	     -0.097 	      0.097 		      10.16 	      84.50 
     9.223 	      0.000 	     -0.097 	      0.097 		      10.16 	      85.00 
     9.175 	      0.000 	     -0.097 	      0.097 		      10.16 	      85.50 
     9.127 	      0.000 	     -0.096 	      0.096 		      10.16 	      86.00 
     9.078 	      0.000 	     -0.096 	      0.096 		      10.16 	      86.50 
     9.031 	      0.000 	     -0.096 	      0.096 		      10.16 	      87.00 
     8.983 	      0.000 	     -0.096 	      0.096 		      10.16 	      87.50 
     8.935 	      0.000 	     -0.095 	      0.095 		      10.16 	      88.00 
     8.887 	      0.000 	     -0.095 	      0.095 		      10.16 	      88.50 
     8.840 	      0.000 	     -0.095 	      0.095 		      10.16 	      89.00 
     8.793 	      0.000 	     -0.094 	      0.094 		      10.16 	      89.50 
     8.746 	      0.000 	     -0.094 	      0.094 		      10.16 	      90.00 
     8.699 	      0.000 	     -0.094 	      0.094 		      10.16 	      90.50 
     8.652 	      0.000 	     -0.094 	      0.094 		      10.16 	      91.00 
     8.605 	      0.000 	     -0.093 	      0.093 		      10.16 	      91.50 
     8.559 	      0.000 	     -0.093 	      0.093 		      10.16 	      92.00 
     8.512 	      0.000 	     -0.093 	      0.093 		      10.16 	      92.50 
     8.466 	      0.000 	     -0.092 	      0.092 		      10.16 	      93.00 
     8.420 	      0.000 	     -0.092 	      0.092 		      10.16 	      93.50 
     8.374 	      0.000 	     -0.092 	      0.092 		      10.16 	      94.00 
     8.328 	      0.000 	     -0.092 	      0.092 		      10.16 	      94.50 
     8.282 	      0.000 	     -0.091 	      0.091 		      10.16 	      95.00 
     8.236 	      0.000 	     -0.091 	      0.091 		      10.16 	      95.50 
     8.191 	      0.000 	     -0.091 	      0.091 		      10.16 	      96.00 
     8.146 	      0.000 	     -0.091 	      0.091 		      10.16 	      96.50 
     8.100 	      0.000 	     -0.090 	      0.090 		      10.16 	      97.00 
     8.055 	      0.000 	     -0.090 	      0.090 		      10.16 	      97.50 
     8.010 	      0.000 	     -0.090 	      0.090 		      10.16 	      98.00 
     7.965 	      0.000 	     -0.090 	      0.090 		      10.16 	      98.50 
     7.921 	      0.000 	     -0.089 	      0.089 		      10.16 	      99.00 
     7.876 	      0.000 	     -0.089 	      0.089 		      10.16 	      99.50 
     7.832 	      0.000 	     -0.089 	      0.089 		      10.16 	     100.00 
     7.787 	      0.000 	     -0.089 	      0.089 		      10.16 	     100.50 
     7.743 	      0.000 	     -0.088 	      0.088 		      10.16 	     101.00 
     7.699 	      0.000 	     -0.088 	      0.088 		      10.16 	     101.50 
     7.655 	      0.000 	     -0.088 	      0.088 		      10.16 	     102.00 
     7.611 	      0.000 	     -0.088 	      0.088 		      10.16 	     102.50 
     7.567 	      0.000 	     -0.087 	      0.087 		      10.16 	     103.00 
     7.524 	      0.000 	     -0.087 	      0.087 		      10.16 	     103.50 
     7.480 	      0.000 	     -0.087 	      0.087 		      10.16 	     104.00 
     7.437 	      0.000 	     -0.087 	      0.087 		      10.16 	     104.50 
     7.393 	      0.000 	     -0.086 	      0.086 		      10.16 	     105.00 
     7.350 	      0.000 	     -0.086 	      0.086 		      10.16 	     105.50 
     7.307 	      0.000 	     -0.086 	      0.086 		      10.16 	     106.00 
     7.264 	      0.000 	     -0.086 	      0.086 		      10.16 	     106.50 
     7.221 	      0.000 	     -0.085 	      0.085 		      10.16 	     107.00 
     7.179 	      0.000 	     -0.085 	      0.085 		      10.16 	     107.50 
     7.136 	      0.000 	     -0.085 	      0.085 		      10.16 	     108.00 
     7.094 	      0.000 	     -0.085 	      0.085 		      10.16 	     108.50 
     7.051 	      0.000 	     -0.085 	      0.085 		      10.16 	     109.00 
     7.009 	      0.000 	     -0.084 	      0.084 		      10.16 	     109.50 
     6.967 	      0.000 	     -0.084 	      0.084 		      10.16 	     110.00 
     6.925 	      0.000 	     -0.084 	      0.084 		      10.16 	     110.50 
     6.883 	      0.000 	     -0.084 	      0.084 		      10.16 	     111.00 
     6.841 	      0.000 	     -0.084 	      0.084 		      10.16 	     111.50 
     6.800 	      0.000 	     -0.083 	      0.083 		      10.16 	     112.00 
     6.758 	      0.000 	     -0.083 	      0.083 		      10.16 	     112.50 
     6.717 	      0.000 	     -0.083 	      0.083 		      10.16 	     113.00 
     6.675 	      0.000 	     -0.083 	      0.083 		      10.16 	     113.50 
     6.634 	      0.000 	     -0.082 	      0.082 		      10.16 	     114.00 
     6.593 	      0.000 	     -0.082 	      0.082 		      10.16 	     114.50 
     6.552 	      0.000 	     -0.082 	      0.082 		      10.16 	     115.00 
     6.511 	      0.000 	     -0.082 	      0.082 		      10.16 	     115.50 
     6.470 	      0.000 	     -0.082 	      0.082 		      10.16 	     116.00 
     6.429 	      0.000 	     -0.081 	      0.081 		      10.16 	     116.50 
     6.388 	      0.000 	     -0.081 	      0.081 		      10.16 	     117.00 
     6.348 	      0.000 	     -0.081 	      0.081 		      10.16 	     117.50 
     6.307 	      0.000 	     -0.081 	      0.081 		      10.16 	     118.00 
     6.267 	      0.000 	     -0.081 	      0.081 		      10.16 	     118.50 
     6.227 	      0.000 	     -0.080 	      0.080 		      10.16 	     119.00 
     6.187 	      0.000 	     -0.080 	      0.080 		      10.16 	     119.50 
     6.147 	      0.000 	     -0.080 	      0.080 		      10.16 	     120.00 
     6.107 	      0.000 	     -0.080 	      0.080 		      10.16 	     120.50 
     6.067 	      0.000 	     -0.080 	      0.080 		      10.16 	     121.00 
     6.027 	      0.000 	     -0.079 	      0.079 		      10.16 	     121.50 
     5.988 	      0.000 	     -0.079 	      0.079 		      10.16 	     122.00 
     5.948 	      0.000 	     -0.079 	      0.079 		      10.16 	     122.50 
     5.909 	      0.000 	     -0.079 	      0.079 		      10.16 	     123.00 
     5.869 	      0.000 	     -0.079 	      0.079 		      10.16 	     123.50 
     5.830 	      0.000 	     -0.078 	      0.078 		      10.16 	     124.00 
     5.791 	      0.000 	     -0.078 	      0.078 		      10.16 	     124.50 
     5.752 	      0.000 	     -0.078 	      0.078 		      10.16 	     125.00 
     5.713 	      0.000 	     -0.078 	      0.078 		      10.16 	     125.50 
     5.674 	      0.000 	     -0.078 	      0.078 		      10.16 	     126.00 
     5.635 	      0.000 	     -0.077 	      0.077 		      10.16 	     126.50 
     5.596 	      0.000 	     -0.077 	      0.077 		      10.16 	     127.00 
     5.558 	      0.000 	     -0.077 	      0.077 		      10.16 	     127.50 
     5.519 	      0.000 	     -0.077 	      0.077 		      10.16 	     128.00 
     5.481 	      0.000 	     -0.077 	      0.077 		      10.16 	     128.50 
     5.442 	      0.000 	     -0.077 	      0.077 		      10.16 	     129.00 
     5.404 	      0.000 	     -0.076 	      0.076 		      10.16 	     129.50 
     5.366 	      0.000 	     -0.076 	      0.076 		      10.16 	     130.00 
     5.328 	      0.000 	     -0.076 	      0.076 		      10.16 	     130.50 
     5.290 	      0.000 	     -0.076 	      0.076 		      10.16 	     131.00 
     5.252 	      0.000 	     -0.076 	      0.076 		      10.16 	     131.50 
     5.214 	      0.000 	     -0.076 	      0.076 		      10.16 	     132.00 
     5.177 	      0.000 	     -0.075 	      0.075 		      10.16 	     132.50 
     5.139 	      0.000 	     -0.075 	      0.075 		      10.16 	     133.00 
     5.101 	      0.000 	     -0.075 	      0.075 		      10.16 	     133.50 
     5.064 	      0.000 	     -0.075 	      0.075 		      10.16 	     134.00 
     5.027 	      0.000 	     -0.075 	      0.075 		      10.16 	     134.50 
     4.989 	      0.000 	     -0.074 	      0.074 		      10.16 	     135.00 
     4.952 	      0.000 	     -0.074 	      0.074 		      10.16 	     135.50 
     4.915 	      0.000 	     -0.074 	      0.074 		      10.16 	     136.00 
     4.878 	      0.000 	     -0.074 	      0.074 		      10.16 	     136.50 
     4.841 	      0.000 	     -0.074 	      0.074 		      10.16 	     137.00 
     4.804 	      0.000 	     -0.074 	      0.074 		      10.16 	     137.50 
     4.767 	      0.000 	     -0.073 	      0.073 		      10.16 	     138.00 
     4.731 	      0.000 	     -0.073 	      0.073 		      10.16 	     138.50 
     4.694 	      0.000 	     -0.073 	      0.073 		      10.16 	     139.00 
     4.658 	      0.000 	     -0.073 	      0.073 		      10.16 	     139.50 
     4.621 	      0.000 	     -0.073 	      0.073 		      10.16 	     140.00 
     4.585 	      0.000 	     -0.073 	      0.073 		      10.16 	     140.50 
     4.549 	      0.000 	     -0.072 	      0.072 		      10.16 	     141.00 
     4.512 	      0.000 	     -0.072 	      0.072 		      10.16 	     141.50 
     4.476 	      0.000 	     -0.072 	      0.072 		      10.16 	     142.00 
     4.440 	      0.000 	     -0.072 	      0.072 		      10.16 	     142.50 
     4.404 	      0.000 	     -0.072 	      0.072 		      10.16 	     143.00 
     4.368 	      0.000 	     -0.072 	      0.072 		      10.16 	     143.50 
     4.333 	      0.000 	     -0.072 	      0.072 		      10.16 	     144.00 
     4.297 	      0.000 	     -0.071 	      0.071 		      10.16 	     144.50 
     4.261 	      0.000 	     -0.071 	      0.071 		      10.16 	     145.00 
     4.226 	      0.000 	     -0.071 	      0.071 		      10.16 	     145.50 
     4.190 	      0.000 	     -0.071 	      0.071 		      10.16 	     146.00 
     4.155 	      0.000 	     -0.071 	      0.071 		      10.16 	     146.50 
     4.119 	      0.000 	     -0.071 	      0.071 		      10.16 	     147.00 
     4.084 	      0.000 	     -0.070 	      0.070 		      10.16 	     147.50 
     4.049 	      0.000 	     -0.070 	      0.070 		      10.16 	     148.00 
     4.014 	      0.000 	     -0.070 	      0.070 		      10.16 	     148.50 
     3.979 	      0.000 	     -0.070 	      0.070 		      10.16 	     149.00 
     3.944 	      0.000 	     -0.070 	      0.070 		      10.16 	     149.50 
     3.909 	      0.000 	     -0.070 	      0.070 		      10.16 	     150.00 
     3.874 	      0.000 	     -0.070 	      0.070 		      10.16 	     150.50 
     3.839 	      0.000 	     -0.069 	      0.069 		      10.16 	     151.00 
     3.805 	      0.000 	     -0.069 	      0.069 		      10.16 	     151.50 
     3.770 	      0.000 	     -0.069 	      0.069 		      10.16 	     152.00 
     3.736 	      0.000 	     -0.069 	      0.069 		      10.16 	     152.50 
     3.701 	      0.000 	     -0.069 	      0.069 		      10.16 	     153.00 
     3.667 	      0.000 	     -0.069 	      0.069 		      10.16 	     153.50 
     3.633 	      0.000 	     -0.069 	      0.069 		      10.16 	     154.00 
     3.598 	      0.000 	     -0.068 	      0.068 		      10.16 	     154.50 
     3.564 	      0.000 	     -0.068 	      0.068 		      10.16 	     155.00 
     3.530 	      0.000 	     -0.068 	      0.068 		      10.16 	     155.50 
     3.496 	      0.000 	     -0.068 	      0.068 		      10.16 	     156.00 
     3.462 	      0.000 	     -0.068 	      0.068 		      10.16 	     156.50 
     3.428 	      0.000 	     -0.068 	      0.068 		      10.16 	     157.00 
     3.394 	      0.000 	     -0.068 	      0.068 		      10.16 	     157.50 
     3.361 	      0.000 	     -0.067 	      0.067 		      10.16 	     158.00 
     3.327 	      0.000 	     -0.067 	      0.067 		      10.16 	     158.50 
     3.294 	      0.000 	     -0.067 	      0.067 		      10.16 	     159.00 
     3.260 	      0.000 	     -0.067 	      0.067 		      10.16 	     159.50 
     3.227 	      0.000 	     -0.067 	      0.067 		      10.16 	     160.00 
     3.193 	      0.000 	     -0.067 	      0.067 		      10.16 	     160.50 
     3.160 	      0.000 	     -0.067 	      0.067 		      10.16 	     161.00 
     3.127 	      0.000 	     -0.066 	      0.066 		      10.16 	     161.50 
     3.094 	      0.000 	     -0.066 	      0.066 		      10.16 	     162.00 
     3.060 	      0.000 	     -0.066 	      0.066 		      10.16 	     162.50 
     3.027 	      0.000 	     -0.066 	      0.066 		      10.16 	     163.00 
     2.994 	      0.000 	     -0.066 	      0.066 		      10.16 	     163.50 
     2.961 	      0.000 	     -0.066 	      0.066 		      10.16 	     164.00 
     2.929 	      0.000 	     -0.066 	      0.066 		      10.16 	     164.50 
     2.896 	      0.000 	     -0.065 	      0.065 		      10.16 	     165.00 
     2.863 	      0.000 	     -0.065 	      0.065 		      10.16 	     165.50 
     2.830 	      0.000 	     -0.065 	      0.065 		      10.16 	     166.00 
     2.798 	      0.000 	     -0.065 	      0.065 		      10.16 	     166.50 
     2.765 	      0.000 	     -0.065 	      0.065 		      10.16 	     167.00 
     2.733 	      0.000 	     -0.065 	      0.065 		      10.16 	     167.50 
     2.700 	      0.000 	     -0.065 	      0.065 		      10.16 	     168.00 
     2.668 	      0.000 	     -0.065 	      0.065 		      10.16 	     168.50 
     2.636 	      0.000 	     -0.064 	      0.064 		      10.16 	     169.00 
     2.604 	      0.000 	     -0.064 	      0.064 		      10.16 	     169.50 
     2.572 	      0.000 	     -0.064 	      0.064 		      10.16 	     170.00 
     2.540 	      0.000 	     -0.064 	      0.064 		      10.16 	     170.50 
     2.508 	      0.000 	     -0.064 	      0.064 		      10.16 	     171.00 
     2.476 	      0.000 	     -0.064 	      0.064 		      10.16 	     171.50 
     2.444 	      0.000 	     -0.064 	      0.064 		      10.16 	     172.00 
     2.412 	      0.000 	     -0.064 	      0.064 		      10.16 	     172.50 
     2.380 	      0.000 	     -0.063 	      0.063 		      10.16 	     173.00 
     2.348 	      0.000 	     -0.063 	      0.063 		      10.16 	     173.50 
     2.317 	      0.000 	     -0.063 	      0.063 		      10.16 	     174.00 
     2.285 	      0.000 	     -0.063 	      0.063 		      10.16 	     174.50 
     2.254 	      0.000 	     -0.063 	      0.063 		      10.16 	     175.00 
     2.222 	      0.000 	     -0.063 	      0.063 		      10.16 	     175.50 
     2.191 	      0.000 	     -0.063 	      0.063 		      10.16 	     176.00 
     2.159 	      0.000 	     -0.063 	      0.063 		      10.16 	     176.50 
     2.128 	      0.000 	     -0.062 	      0.062 		      10.16 	     177.00 
     2.097 	      0.000 	     -0.062 	      0.062 		      10.16 	     177.50 
     2.066 	      0.000 	     -0.062 	      0.062 		      10.16 	     178.00 
     2.035 	      0.000 	     -0.062 	      0.062 		      10.16 	     178.50 
     2.004 	      0.000 	     -0.062 	      0.062 		      10.16 	     179.00 
     1.973 	      0.000 	     -0.062 	      0.062 		      10.16 	     179.50 
     1.942 	      0.000 	     -0.062 	      0.062 		      10.16 	     180.00 
     1.911 	      0.000 	     -0.062 	      0.062 		      10.16 	     180.50 
     1.880 	      0.000 	     -0.062 	      0.062 		      10.16 	     181.00 
     1.849 	      0.000 	     -0.061 	      0.061 		      10.16 	     181.50 
     1.819 	      0.000 	     -0.061 	      0.061 		      10.16 	     182.00 
     1.788 	      0.000 	     -0.061 	      0.061 		      10.16 	     182.50 
     1.757 	      0.000 	     -0.061 	      0.061 		      10.16 	     183.00 
     1.727 	      0.000 	     -0.061 	      0.061 		      10.16 	     183.50 
     1.696 	      0.000 	     -0.061 	      0.061 		      10.16 	     184.00 
     1.666 	      0.000 	     -0.061 	      0.061 		      10.16 	     184.50 
     1.636 	      0.000 	     -0.061 	      0.061 		      10.16 	     185.00 
     1.605 	      0.000 	     -0.061 	      0.061 		      10.16 	     185.50 
     1.575 	      0.000 	     -0.060 	      0.060 		      10.16 	     186.00 
     1.545 	      0.000 	     -0.060 	      0.060 		      10.16 	     186.50 
     1.515 	      0.000 	     -0.060 	      0.060 		      10.16 	     187.00 
     1.485 	      0.000 	     -0.060 	      0.060 		      10.16 	     187.50 
     1.455 	      0.000 	     -0.060 	      0.060 		      10.16 	     188.00 
     1.425 	      0.000 	     -0.060 	      0.060 		      10.16 	     188.50 
     1.395 	      0.000 	     -0.060 	      0.060 		      10.16 	     189.00 
     1.365 	      0.000 	     -0.060 	      0.060 		      10.16 	     189.50 
     1.335 	      0.000 	     -0.060 	      0.060 		      10.16 	     190.00 
     1.305 	      0.000 	     -0.059 	      0.059 		      10.16 	     190.50 
     1.276 	      0.000 	     -0.059 	      0.059 		      10.16 	     191.00 
     1.246 	      0.000 	     -0.059 	      0.059 		      10.16 	     191.50 
     1.216 	      0.000 	     -0.059 	      0.059 		      10.16 	     192.00 
     1.187 	      0.000 	     -0.059 	      0.059 		      10.16 	     192.50 
     1.157 	      0.000 	     -0.059 	      0.059 		      10.16 	     193.00 
     1.128 	      0.000 	     -0.059 	      0.059 		      10.16 	     193.50 
     1.099 	      0.000 	     -0.059 	      0.059 		      10.16 	     194.00 
     1.069 	      0.000 	     -0.059 	      0.059 		      10.16 	     194.50 
     1.040 	      0.000 	     -0.058 	      0.058 		      10.16 	     195.00 
     1.011 	      0.000 	     -0.058 	      0.058 		      10.16 	     195.50 
     0.982 	      0.000 	     -0.058 	      0.058 		      10.16 	     196.00 
     0.953 	      0.000 	     -0.058 	      0.058 		      10.16 	     196.50 
     0.924 	      0.000 	     -0.058 	      0.058 		      10.16 	     197.00 
     0.894 	      0.000 	     -0.058 	      0.058 		      10.16 	     197.50 
     0.866 	      0.000 	     -0.058 	      0.058 		      10.16 	     198.00 
     0.837 	      0.000 	     -0.058 	      0.058 		      10.16 	     198.50 
     0.808 	      0.000 	     -0.058 	      0.058 		      10.16 	     199.00 
     0.779 	      0.000 	     -0.058 	      0.058 		      10.16 	     199.50 
     0.750 	      0.000 	     -0.057 	      0.057 		      10.16 	     200.00 
     0.721 	      0.000 	     -0.057 	      0.057 		      10.16 	     200.50 
     0.693 	      0.000 	     -0.057 	      0.057 		      10.16 	     201.00 
     0.664 	      0.000 	     -0.057 	      0.057 		      10.16 	     201.50 
     0.636 	      0.000 	     -0.057 	      0.057 		      10.16 	     202.00 
     0.607 	      0.000 	     -0.057 	      0.057 		      10.16 	     202.50 
     0.579 	      0.000 	     -0.057 	      0.057 		      10.16 	     203.00 
     0.550 	      0.000 	     -0.057 	      0.057 		      10.16 	     203.50 
     0.522 	      0.000 	     -0.057 	      0.057 		      10.16 	     204.00 
     0.494 	      0.000 	     -0.057 	      0.057 		      10.16 	     204.50 
     0.465 	      0.000 	     -0.057 	      0.057 		      10.16 	     205.00 
     0.437 	      0.000 	     -0.056 	      0.056 		      10.16 	     205.50 
     0.409 	      0.000 	     -0.056 	      0.056 		      10.16 	     206.00 
     0.381 	      0.000 	     -0.056 	      0.056 		      10.16 	     206.50 
     0.353 	      0.000 	     -0.056 	      0.056 		      10.16 	     207.00 
     0.325 	      0.000 	     -0.056 	      0.056 		      10.16 	     207.50 
     0.297 	      0.000 	     -0.056 	      0.056 		      10.16 	     208.00 
     0.269 	      0.000 	     -0.056 	      0.056 		      10.16 	     208.50 
     0.241 	      0.000 	     -0.056 	      0.056 		      10.16 	     209.00 
     0.213 	      0.000 	     -0.056 	      0.056 		      10.16 	     209.50 
     0.185 	      0.000 	     -0.056 	      0.056 		      10.16 	     210.00 
     0.157 	      0.000 	     -0.055 	      0.055 		      10.16 	     210.50 
     0.130 	      0.000 	     -0.055 	      0.055 		      10.16 	     211.00 
     0.102 	      0.000 	     -0.055 	      0.055 		      10.16 	     211.50 
     0.074 	      0.000 	     -0.055 	      0.055 		      10.16 	     212.00 
     0.047 	      0.000 	     -0.055 	      0.055 		      10.16 	     212.50 
     0.019 	      0.000 	     -0.055 	      0.055 		      10.16 	     213.00 
